refseq_id,taxid,M,A,S,N,H,V,T,L,F,D,E,I,G,C,Y,Q,R,P,K,W,X
GCF_000861825.2,10407,0.01932367149758454,0.05314009661835749,0.10188844971453667,0.03293807641633729,0.027228809837505488,0.051822573561704,0.06587615283267458,0.12779973649538867,0.056214317083882304,0.027228809837505488,0.025911286780852,0.04084321475625823,0.06411945542380325,0.03645147123407993,0.027228809837505488,0.03645147123407993,0.06324110671936758,0.08871321914800176,0.022397891963109356,0.031181379007465964,0.0
GCF_000852945.1,10990,0.024013540674918014,0.0391410134348884,0.09097640960541627,0.0707711837511901,0.024330900243309004,0.06199090235903946,0.05670157621918968,0.10113191579392786,0.06326034063260341,0.062096688881836455,0.05670157621918968,0.07098275679678409,0.03755421559293346,0.015762191896752355,0.04252618216439226,0.03226488945308368,0.04167988998201629,0.03448640643182058,0.06622236327091928,0.007405056595789696,0.0
GCF_000861085.1,11082,0.03202769963211426,0.08180047608742697,0.0605929452499459,0.03765418740532352,0.020558320709803072,0.07833802207314434,0.07465916468296906,0.08742696386063623,0.031811296256221595,0.04457909543388877,0.05994373512226791,0.05042198658299069,0.08829257736420688,0.020341917333910407,0.02488638822765635,0.024669984851763686,0.05799610473923393,0.041116641419606144,0.05648128110798528,0.026401211858905,0.0
GCF_004789575.1,1133363,0.031650339110776186,0.04948505400653102,0.07736749560411957,0.056267269530268775,0.025119316754584276,0.04848028133634765,0.06129113288118563,0.0886711881436825,0.04571715649334338,0.05476011052499372,0.05551369002763125,0.09068073348404923,0.04194925898015574,0.030394373273046973,0.04471238382316001,0.03692539562923888,0.04094448630997237,0.0346646571213263,0.07435317759356945,0.01105249937201708,0.0
GCF_002829625.1,1157337,0.029342105263157895,0.07276315789473685,0.08052631578947368,0.04447368421052632,0.01855263157894737,0.07684210526315789,0.07394736842105264,0.0943421052631579,0.03921052631578947,0.06236842105263158,0.04342105263157895,0.05894736842105263,0.06171052631578947,0.013421052631578948,0.031578947368421054,0.034868421052631576,0.053026315789473685,0.053421052631578946,0.042105263157894736,0.015131578947368421,0.0
GCF_000853785.1,118655,0.028807615230460923,0.04534068136272545,0.0781563126252505,0.057615230460921846,0.02555110220440882,0.045591182364729456,0.05686372745490982,0.08992985971943888,0.05185370741482966,0.056362725450901804,0.06412825651302605,0.08842685370741483,0.04433867735470942,0.02755511022044088,0.03907815631262525,0.033316633266533065,0.04458917835671343,0.031062124248496994,0.07965931863727455,0.011773547094188376,0.0
GCF_000864005.1,11983,0.027261951797708416,0.07743974713551956,0.07427894112998815,0.04188067957329119,0.0225207427894113,0.06874753062030818,0.06282101935993678,0.08178585539312525,0.036349269063611224,0.053338601343342555,0.05452390359541683,0.04938759383642829,0.08376135914658238,0.013038324772817068,0.024891347293559858,0.04622678783089688,0.0525483998419597,0.06519162386408534,0.04820229158435401,0.015804030027657054,0.0
GCF_000860505.1,12092,0.032120395327942496,0.05435759209344115,0.07681940700808626,0.04559748427672956,0.02336028751123091,0.07277628032345014,0.05929919137466307,0.0880503144654088,0.05390835579514825,0.05884995507637017,0.05390835579514825,0.0637915543575921,0.06199460916442048,0.01931716082659479,0.03504043126684636,0.040880503144654086,0.039532794249775384,0.0431266846361186,0.061096136567834684,0.016172506738544475,0.0
GCF_002816555.1,12110,0.024013722126929673,0.08533447684391081,0.05188679245283019,0.04631217838765009,0.026586620926243566,0.0797598627787307,0.07032590051457976,0.08361921097770154,0.04759862778730703,0.060034305317324184,0.05703259005145798,0.04373927958833619,0.06775300171526587,0.015008576329331046,0.03516295025728988,0.03344768439108062,0.04631217838765009,0.05574614065180103,0.060034305317324184,0.010291595197255575,0.0
GCF_000862265.1,12162,0.019664732430689877,0.06141199226305609,0.10090264345583494,0.03949065119277885,0.019664732430689877,0.09397163120567376,0.0548033526756931,0.09912959381044488,0.05351386202450032,0.0610896196002579,0.04932301740812379,0.04368149580915538,0.05738233397807866,0.02304964539007092,0.03755641521598969,0.0183752417794971,0.07301740812379111,0.03755641521598969,0.04964539007092199,0.006769825918762089,0.0
GCF_000871845.1,12637,0.03892657033323503,0.06605721026245945,0.05662046593925096,0.040401061633736364,0.01975818342671778,0.0639929224417576,0.07696844588616927,0.09259805367148334,0.029489826010026542,0.0392214685933353,0.07107048068416397,0.06487761722205838,0.08080212326747273,0.016809200825715128,0.021232674727219108,0.03007962253022707,0.05750516071955176,0.04305514597463875,0.0639929224417576,0.026540843409023886,0.0
GCF_000861905.1,138948,0.023255813953488372,0.07660738714090287,0.0702234382124943,0.049247606019151846,0.023711810305517556,0.06839945280437756,0.0702234382124943,0.0816233470132239,0.040583675330597355,0.052895576835385316,0.049247606019151846,0.06155950752393981,0.06976744186046512,0.019151846785225718,0.03967168262653899,0.03967168262653899,0.04514363885088919,0.05563155494756042,0.049247606019151846,0.014135886912904697,0.0
GCF_000861165.1,138950,0.030330466274332276,0.07288365776369397,0.06835672249886826,0.05296514259846084,0.023087369850611137,0.06247170665459484,0.07695789950203712,0.08103214124038026,0.03802625622453599,0.05296514259846084,0.05024898143956542,0.06020823902218198,0.06428248076052512,0.019013128112267994,0.04436396559529199,0.03666817564508828,0.04345857854232685,0.05387052965142598,0.05613399728383884,0.012675418741511997,0.0
GCF_002816725.1,138951,0.026508226691042046,0.06946983546617916,0.06672760511882998,0.051645338208409504,0.025594149908592323,0.06535648994515539,0.0726691042047532,0.07815356489945155,0.043875685557586835,0.05347349177330896,0.047074954296160876,0.07038391224862889,0.06809872029250456,0.02010968921389397,0.03976234003656307,0.03656307129798903,0.04296160877513711,0.054844606946983544,0.05393053016453382,0.012797074954296161,0.0
GCF_002815375.1,162145,0.024501561374009127,0.057410521258707665,0.08743694451116983,0.05572904155656978,0.018496276723516693,0.06101369204900312,0.06966130194571223,0.09992793658419409,0.03338938265673793,0.04684122027384098,0.06509728561133797,0.07518616382416526,0.04732164304588037,0.018256065337496998,0.03242853711265914,0.03507086235887581,0.0449195291856834,0.03699255344703339,0.07950996877251981,0.01080951237088638,0.0
GCF_002826225.1,1678143,0.014135702746365105,0.11106623586429726,0.07027463651050081,0.029079159935379646,0.02705977382875606,0.07350565428109855,0.06987075928917609,0.09531502423263329,0.0395799676898223,0.04402261712439418,0.04361873990306947,0.04038772213247173,0.07350565428109855,0.02221324717285945,0.029079159935379646,0.033521809369951534,0.07189014539579967,0.0791599353796446,0.018982229402261713,0.013731825525040387,0.0
GCF_000871205.1,1933178,0.029175050301810865,0.051056338028169015,0.07318913480885311,0.060362173038229376,0.025150905432595575,0.05181086519114688,0.0613682092555332,0.0920523138832998,0.047283702213279676,0.056338028169014086,0.0528169014084507,0.08777665995975856,0.040492957746478875,0.02766599597585513,0.04275653923541248,0.03772635814889336,0.040492957746478875,0.03445674044265593,0.07721327967806842,0.010814889336016096,0.0
GCF_000852585.1,198112,0.027652955409609402,0.06533010715520221,0.07120636017974422,0.04631870031109575,0.023850674040788108,0.07120636017974422,0.05565157276183892,0.08434151399930867,0.039751123401313516,0.05392326304873833,0.05945385413066021,0.060490839958520566,0.054960248876598686,0.0197027307293467,0.039751123401313516,0.040096785343933634,0.05599723470445904,0.05254061527825787,0.054960248876598686,0.0197027307293467,0.0031109574835810577
GCF_009858895.2,2697049,0.022051028341225527,0.06834405258322143,0.0674959361085589,0.05406742525973567,0.01865856244257545,0.08141918156760194,0.0751289843805216,0.0964732489928617,0.0500388720050887,0.05102834122552831,0.04813060993709803,0.051452399462859566,0.059368153226376424,0.03067354583362782,0.04544490776733338,0.03646900841048838,0.03399533535938935,0.039437416071807195,0.059226800480599334,0.011096190543501307,0.0
GCF_000848685.1,28295,0.018617895082685357,0.06757200744715804,0.07458109736063957,0.05651078742744497,0.019165480232176103,0.09768919066914905,0.06187712189245428,0.0908991348154638,0.05629175336764867,0.05519658306866718,0.03909757967363925,0.048625561274778226,0.06877669477603768,0.0329646259993429,0.04577811849742635,0.029131529952907676,0.03603110283649107,0.03581206877669477,0.05366334465009309,0.01171832219910196,0.0
GCF_000862745.1,28344,0.019729670808807498,0.08862001308044473,0.0735775016350556,0.02932199694789623,0.022781774580335732,0.0842598648354044,0.05668192718552431,0.10366252452583388,0.04262044909526924,0.0446915195116634,0.04774362328319163,0.03847830826248092,0.07270547198604753,0.029758011772400263,0.023762807935469806,0.032701111837802485,0.05580989753651624,0.07248746457379551,0.04196642685851319,0.018639633747547416,0.0
GCF_000861845.1,3052230,0.018915510718789406,0.09300126103404792,0.07313997477931904,0.028058007566204288,0.021752837326607818,0.08007566204287515,0.0712484237074401,0.10056746532156369,0.028058007566204288,0.038461538461538464,0.037515762925598994,0.04192938209331652,0.0860655737704918,0.03373266078184111,0.03121059268600252,0.02837326607818411,0.06273644388398487,0.07093316519546028,0.03026481715006305,0.02395964691046658,0.0
GCF_000854405.1,3052493,0.031119090365050867,0.054458408138839016,0.07121484141232795,0.033512866546977854,0.019748653500897665,0.06283662477558348,0.08138839018551765,0.0933572710951526,0.04009575104727708,0.05146618791143028,0.05026929982046679,0.059844404548174746,0.06642728904847396,0.041891083183722325,0.02752842609216038,0.04847396768402154,0.04009575104727708,0.04608019150209455,0.06403351286654697,0.01615798922800718,0.0
GCF_000851385.1,3052763,0.02727823802788442,0.04687815720347545,0.08486562942008487,0.04606991311376035,0.02566174984845423,0.06668013740149525,0.0602141846837745,0.09577692463123863,0.04303899777732875,0.05981006263891695,0.06870074762578299,0.07072135785007072,0.0434431198221863,0.018791675085875936,0.04021014346332592,0.03010709234188725,0.0434431198221863,0.03717922812689432,0.07961204283693675,0.011517478278440088,0.0
GCF_006298385.1,351073,0.03275884752006315,0.07906854361268255,0.08367320089461913,0.041310353900802524,0.019339560584133667,0.07262202341797132,0.06222865412445731,0.09525062491777397,0.03539008025259834,0.06341270885409815,0.041705038810682805,0.0573608735692672,0.05683462702276016,0.013156163662675963,0.03512695697934482,0.04525720299960532,0.05670306538613341,0.056571503749506646,0.03644257334561242,0.015787396395211158,0.0
GCF_003092915.1,38170,0.02993304450571091,0.08441643691742155,0.08664828672705789,0.04503085204148615,0.019692792437967704,0.07246947617172116,0.07076276749376395,0.09675725351188132,0.03794144676381778,0.06078508599186031,0.037547590915058424,0.05080740448995667,0.05067611920703689,0.013522384140737823,0.03321517657870553,0.04043586713929369,0.05461467769463043,0.06249179466981751,0.03623473808586058,0.015885519233293947,0.0001312852829197847
GCF_000885335.1,40054,0.03594455190199871,0.06399097356544164,0.052546744036105736,0.039651837524177946,0.021437782076079947,0.06592520954223081,0.04932301740812379,0.08333333333333333,0.03820116054158607,0.06044487427466151,0.0796260477111541,0.07446808510638298,0.05770470664087685,0.011766602192134107,0.038523533204384265,0.04094132817537073,0.07205029013539652,0.03949065119277885,0.06254029658284978,0.012088974854932301,0.0
GCF_000862005.1,54290,0.020884093282283328,0.09676296554124608,0.06996171249564914,0.01775147928994083,0.01740341106856944,0.09676296554124608,0.06543682561782109,0.1054646710755308,0.030281935259310826,0.044204664114166375,0.044900800556909155,0.03550295857988166,0.08980160111381831,0.032718412808910545,0.028193525931082493,0.021232161503654718,0.06056387051862165,0.06717716672467804,0.02888966237382527,0.02610511660285416,0.0
GCF_000870765.1,57482,0.025541365907828985,0.04830649639089395,0.0968906163242643,0.0416435313714603,0.021654636313159357,0.05746807329261521,0.05274847307051638,0.10660744031093837,0.04441976679622432,0.059966685174902834,0.054691837867851194,0.06551915602443087,0.05691282620766241,0.017490283176013324,0.03609106052193226,0.031093836757357024,0.05885619100499723,0.04913936701832315,0.05857856746252082,0.016379789006107717,0.0
GCF_002985995.1,693997,0.022804054054054054,0.06534090909090909,0.06887285012285012,0.060734029484029485,0.016124078624078626,0.09167690417690418,0.060580466830466834,0.08192567567567567,0.056587837837837836,0.05351658476658477,0.049293611793611795,0.05965909090909091,0.0644963144963145,0.03186425061425061,0.0464527027027027,0.029176904176904175,0.03186425061425061,0.033092751842751844,0.06403562653562654,0.01190110565110565,0.0
GCF_000862965.1,694014,0.017330614805520703,0.06775407779171895,0.06610727728983688,0.05254077791718946,0.01772271016311167,0.09622020075282309,0.05873588456712672,0.08751568381430364,0.055599121706398996,0.05536386449184442,0.04705144291091593,0.05301129234629862,0.06155897114178168,0.03285759096612296,0.04642409033877039,0.035602258469259726,0.032936010037641156,0.037562735257214555,0.06430363864491845,0.013801756587202008,0.0
GCF_000858185.1,77763,0.026839972991222146,0.06313301823092506,0.07359891964888589,0.06769074949358542,0.022957461174881837,0.07916948008102634,0.05806887238352464,0.09216745442268737,0.03764348413234301,0.06600270087778529,0.053342336259284265,0.06769074949358542,0.05384875084402431,0.012660364618501013,0.042707629979743415,0.030216070222822418,0.046927751519243756,0.03308575286968265,0.0661715057393653,0.006076975016880486,0.0
