taxid,A,C,D,E,F,G,H,I,K,L,M,N,P,Q,R,S,T,V,W,Y
10407,0.06137237169413882,0.03307390852340465,0.026428552567949962,0.0190820153669441,0.047182212689644454,0.039923776391812625,0.04062699218681468,0.05220311501627354,0.0217522848582555,0.12161855252978064,0.012720850483938333,0.03012687039573901,0.0943439811504394,0.029333611336765406,0.08045438706108293,0.1139804756341837,0.06996060352358002,0.056954021861653416,0.011159262854310443,0.03770215387328835
10990,0.013953856550304369,0.03430096784372305,0.013994199491665665,0.006222416461045271,0.21190474205811055,0.008021073086730609,0.0243450034841457,0.11397499364293344,0.015683213770846225,0.18042608924047704,0.010919347772305805,0.0352715096383621,0.024274820902527926,0.010824824279100042,0.020176273011349694,0.10019842517065716,0.035169827763245884,0.04955263744209335,0.004332321826064561,0.08645345656431143
11082,0.049887536616154804,0.03612972083126349,0.03478459178739947,0.03846997421158261,0.041609376005943714,0.066067184184885,0.026265953633133523,0.06335531988174654,0.04265508360361223,0.10347162203306415,0.021009483130136154,0.03856877217147505,0.03767023432788531,0.029048797383768733,0.08835751082773735,0.09223837834629416,0.055314751016902385,0.0760873387658191,0.018948134804419262,0.04006023643677699
11320,0.02401097558943447,0.01836231451083841,0.03152240205180745,0.04919980404533511,0.028642412042623168,0.03014525582980948,0.02510788531566668,0.10504731983929017,0.13174599494223888,0.0821582110428556,0.02086701882750443,0.08440989353246019,0.01912496453874226,0.039188099799415996,0.07321077963476966,0.06897586446647269,0.06429598511508276,0.04702200466602645,0.007792671327683537,0.049170142881942845
11983,0.05278927718892134,0.03173960817804395,0.02810160686769717,0.022458796572522106,0.04863499601970757,0.03726778783884809,0.03980551571259617,0.06287162380761603,0.0304693645997644,0.11975874101950357,0.014602710666711212,0.038124843542984,0.07477524016662743,0.03181255734102371,0.07524807376144343,0.10899127228399717,0.07161807305361992,0.05710589440922907,0.010763575564473793,0.04306044140466984
12092,0.017945145776759746,0.04520351687143902,0.027290411947998708,0.021375305438869337,0.12773072458677281,0.02852739474890913,0.017167022261413905,0.11519252200004632,0.03646475896947357,0.15075277236219173,0.022321277247889917,0.046555512233843244,0.011288386471445061,0.013446126977225793,0.0393204512156291,0.07799767172603253,0.03061314923863962,0.0806093210007147,0.013084526881385861,0.07711400204331999
12110,0.09338168638992304,0.03225599936374938,0.027537729462093968,0.022514028176448313,0.025477301224647964,0.07422646633635967,0.03464424137971074,0.028912361183801066,0.01518146743842653,0.09458671922258033,0.010620864613980562,0.01856900683789262,0.11748018979524656,0.02832410085399857,0.11589571456637149,0.10129496532363176,0.06296834223370927,0.05862754461168227,0.01575068063395229,0.02175059035179359
12162,0.06380635075575986,0.05298063726429021,0.026809500612907447,0.021217968485089042,0.0648104622720753,0.07758722397270802,0.022047655684854145,0.042719550432323734,0.01313418980035085,0.12934665141161952,0.01603177146045702,0.016595418630676217,0.05247320613248313,0.01744927927773872,0.08502431924084887,0.10486290468478052,0.03949693496259287,0.09491135085812802,0.025898942133380835,0.03279568192693573
12637,0.044915318548077475,0.016347499333952555,0.03621582493852133,0.062490884501929383,0.013082248174433384,0.055676069091701474,0.029216238504839693,0.06095596770553882,0.11078852512107557,0.05851752040739293,0.01803505367347562,0.06420612962932155,0.036234344004288724,0.05041300561525503,0.10740620305000675,0.07215975324682793,0.07962924412009488,0.0445553254571344,0.010172772449706206,0.028982072426426385
28295,0.02307939248502395,0.03904298371971709,0.016649033342227993,0.007837251672163476,0.1672038256254679,0.01340829840288713,0.028657594234238692,0.09298810734843937,0.014312418504408326,0.1775472082249766,0.011875817989679837,0.03040452735927469,0.0397260220105995,0.013490079196538819,0.030916644157187544,0.1154878604234396,0.04214767343077738,0.05742180987459682,0.006503008165200008,0.07130044383315527
28344,0.071073843139277,0.04531770232116564,0.02450597561683706,0.016774424208103524,0.058021771813341845,0.059623391494226935,0.029212257527059058,0.04016214363436373,0.01161381331705568,0.1307143228348667,0.01269053459790327,0.016966771701694073,0.0847233116397888,0.01999589028802357,0.08784826734738047,0.11550419700279513,0.04920814781508275,0.07633782470917229,0.018329587790103356,0.03137582120175917
38170,0.05678831590899881,0.04822388289636079,0.021944495526617917,0.012801701170172444,0.08578008633574524,0.04292591343341378,0.029031203875539528,0.049221330434266804,0.010362282158592372,0.15105569854832665,0.012584803238025846,0.017762877874747295,0.07512741292698893,0.016935855106544044,0.06959001707917117,0.12295889646161821,0.04596705898208359,0.07635611939985093,0.015547433265464225,0.039034615377471375
40054,0.04184968376892984,0.03256856678159135,0.03326066323220373,0.03532451461879738,0.04635304859357645,0.047186564216538655,0.029498825806112065,0.07712210812990831,0.05134381275382927,0.10879164479971694,0.020491400718859312,0.04834402633670465,0.03711641355200783,0.03132925210031437,0.07717419838772711,0.09282301482034529,0.060828077906426394,0.06715803979834399,0.014098072297893303,0.04733807138017366
54290,0.10450547451232768,0.0422316608816741,0.02411896525508922,0.021401544189346255,0.028541695859482744,0.11793561911134037,0.021372371873079644,0.020328505272377888,0.008260517066323376,0.09595458636968955,0.01043591433148312,0.009309380778743272,0.09260471336260298,0.018964402337962694,0.12590701870167412,0.09474757438175785,0.040336774211042245,0.07970519040458439,0.02703761519142722,0.016300475907991323
57482,0.05223632136534331,0.03641748869330545,0.025988963267201553,0.018352539404359044,0.06212452689121126,0.036423220678033365,0.03727204272181189,0.06152302393723431,0.02234231789170407,0.1329801141123464,0.01411906380569314,0.031638873847273694,0.0749146621026032,0.026320273944758367,0.07058886076970228,0.115098807679833,0.06359231666657034,0.06213430507340183,0.011597752574403115,0.044334524573210375
77763,0.03023750299734347,0.03667042996722227,0.02727903013929796,0.021914809519308055,0.08592136647045297,0.028223614051113097,0.029225518535926653,0.0965449837413581,0.03819757539517569,0.13987413317802896,0.018719602170884975,0.047547427210583595,0.03239509248739527,0.023478535290562947,0.05215231251665155,0.09812760154978932,0.05270405382648952,0.06612988961879913,0.010739857480691903,0.06391666385292444
118655,0.02507820662410084,0.02068545831823956,0.03368706608347477,0.05350629390820907,0.02939275716488023,0.037679939253127216,0.022420715652587055,0.10095493376588494,0.12381637653972881,0.08232008028386607,0.02294143909648142,0.07795364160084955,0.01669101543015088,0.0356115726542359,0.07858450053230993,0.06932164696114033,0.05803228830682288,0.05354086370317672,0.009913966288455783,0.04786723783227806
138948,0.0548454478899183,0.03666119036462762,0.031254163123893466,0.02844915043658882,0.04757492491417478,0.05396666411575115,0.0317631004813988,0.059948971274602046,0.03147329146381776,0.11447763535663429,0.017527527211052742,0.034576476638504265,0.05573854162625178,0.02891241145525943,0.08329459832650717,0.10242664932239635,0.06067551193665824,0.07003209572956334,0.01584337815388301,0.040558270178516626
138950,0.05410249903049705,0.0269203694090676,0.0364713384288541,0.04745026338888989,0.02486722538099095,0.06705895215105791,0.029424714951453088,0.05805315637300998,0.059382110553999605,0.08232922479677345,0.019467971031455842,0.04564242421342686,0.0436493608601483,0.038282402970022354,0.10155276241938692,0.08644758565720931,0.06770711792147549,0.061944546585298736,0.015556206144775315,0.033689767732207374
138951,0.027283701300578066,0.031210068471854195,0.023602691385452106,0.017256387321755738,0.0907074410919534,0.01858975086747267,0.034641065727092676,0.10306788926681748,0.03792843125269588,0.14561401315444478,0.01568297083616158,0.05187720007090296,0.040043589715969455,0.02532675776939426,0.04454008862233384,0.10289872787843501,0.05996782349648681,0.054028357331098134,0.007135318023082438,0.06859772641601847
162145,0.018076553333541922,0.020277068317130963,0.027381956142299605,0.03472603496881941,0.048711982796929745,0.01914509531090406,0.02585369163981508,0.12954681725189243,0.11265361891092061,0.10520260455911444,0.019656378557271842,0.08882892777882362,0.017067649709441687,0.0327878766327573,0.05280258830236124,0.07080760038433992,0.05864156827257257,0.045992622742334094,0.006059175867931232,0.06578018852079823
198112,0.019699663632581695,0.04827572863802864,0.03268656705042519,0.03162538337419502,0.09829722775040779,0.04664861729030301,0.013803504017922005,0.1038777059824282,0.04360022238308935,0.13521768143866025,0.027071875024662295,0.04506321948657096,0.008319147914326992,0.013355367230843792,0.051325047006776724,0.07279828317215603,0.02715887124876579,0.0949841646598042,0.01963656099711336,0.0665551617009386
351073,0.048533000958986085,0.039724677561843336,0.0362835330797784,0.044184368880484146,0.04073392684081428,0.08591670067495269,0.020496000567089473,0.05911695665456399,0.041382215975704725,0.0993698831318443,0.023395321170229515,0.03398244764637137,0.027415533459510907,0.02495905918642769,0.09271736983947033,0.08604956849569378,0.045455059753517095,0.08809950928485964,0.02497951055278681,0.03720535628507136
693997,0.014631955459007667,0.0342667574526754,0.016392547149595153,0.008502275151452559,0.1841115446278323,0.00968562362355598,0.024764024400991423,0.12096216447378885,0.021853278351148087,0.17410850219025858,0.012794996337569078,0.04213353359697153,0.02210431964687287,0.012844285112805892,0.023134230610460275,0.09500844549375617,0.0376083095137973,0.05203979771005406,0.004978043919809631,0.08807536517759719
694014,0.01797697763764658,0.0414432772666607,0.02104013634253036,0.01269107808807073,0.16019670232876798,0.017188502380809285,0.02200529471055024,0.11382654067620693,0.024905338863155872,0.16611713734854394,0.016559608144939366,0.04128977236616924,0.018801622027598008,0.013273246379021159,0.0306680557257173,0.09052915181925038,0.035278541089571555,0.06644120786246142,0.008438322450861329,0.08132948649146764
1133363,0.017771320334603432,0.016706485664440763,0.017880952382400422,0.01477674281474996,0.07037009168979247,0.007243975495561242,0.04386653887359795,0.1262591345579721,0.06661733783424335,0.13300887039356352,0.01129971842642637,0.08061190890237094,0.043597583485560906,0.03625112070352509,0.032548063149353434,0.09273627902099534,0.08011765957712293,0.030512654190717317,0.0025064500998501944,0.07531711240315223
1157337,0.051589779212930995,0.03160548111468883,0.02455072259781917,0.016560419954570964,0.05691826772010431,0.029387889963639488,0.043098240802809704,0.061604861263038,0.023166609998954087,0.13130155442220107,0.012432139141578627,0.03434435945322757,0.09056469595237839,0.02907144440062821,0.06815019916750176,0.11745868543525155,0.07216968520343812,0.05292461084865435,0.008886990592386816,0.04421336275419804
1678143,0.06739956871535759,0.04563176567610906,0.01882753874102462,0.009672792235856176,0.07574319807392035,0.04161474739794993,0.030493228253483554,0.03777772647645037,0.006624521291845754,0.15078875988470916,0.009529367219562025,0.012894253098979078,0.10916086596839489,0.015666129575067012,0.07707236095121398,0.1307026504677874,0.046159357828550455,0.06907543480416688,0.013914301908495921,0.0312514314310759
1933178,0.027148705855489168,0.023673064850825824,0.030835279405685565,0.037586067083048624,0.04332804098294577,0.028700115912383698,0.02916845120460182,0.1049006529433888,0.08960553772287842,0.10250327075830125,0.020328713150659487,0.07351159635501683,0.025681158636360887,0.035554319105104384,0.06473477293853781,0.08052467312605716,0.06472277030970623,0.05252888911102174,0.008527111109536438,0.056436809438450086
3052230,0.1111988396749371,0.03001923505377354,0.028172223284877222,0.027571674162422625,0.016032632667377752,0.11121685469256934,0.02816765991990308,0.0199626293606437,0.013819421356672652,0.07507979066870932,0.00980899638596881,0.014120427429778312,0.11118082757539467,0.02756720807499755,0.1387705138373591,0.08756114996316657,0.05573486799490102,0.05939854811466797,0.019570316674925408,0.015046183106954387
3052493,0.024189798193083645,0.02988686893543777,0.03030178706490899,0.03221925871136282,0.06406656794156551,0.028766522895358124,0.02548080338580711,0.11225818371592054,0.07002520798562353,0.11997476862426323,0.021764180274633803,0.06585778278033429,0.020341225762691467,0.027093207232368757,0.05640905690444644,0.08215590911355068,0.05257401061817588,0.061664953846429525,0.010013904636357934,0.06495600137767987
3052763,0.04287976555135015,0.034019159510846476,0.03221341896619003,0.031892016250912494,0.05076178055517123,0.04536995450829985,0.030445343572582845,0.07593327350798625,0.04506179483476558,0.11423847314441231,0.019721824433125208,0.045515920503748905,0.04052625385380067,0.030141581463318558,0.07477178180226263,0.09619657670648737,0.060586925035901434,0.0676988999041593,0.013957915960187636,0.04806733993449111
