refseq_id,taxid,A,T,G,C
GCF_000861825.2,10407,0.2158493870402802,0.28911266783420897,0.21789258610624634,0.27714535901926446
GCF_000852945.1,10990,0.3265730079926763,0.3337910636949403,0.17235308615893807,0.1672828421534453
GCF_000861085.1,11082,0.2724060855144567,0.21832864662196266,0.2814910952483957,0.22777417261518496
GCF_004789575.1,1133363,0.35156838143036384,0.2890004182350481,0.1877038895859473,0.17172731074864073
GCF_002829625.1,1157337,0.25629571234616566,0.2713178294573643,0.23172601059869488,0.24066044759777516
GCF_000853785.1,118655,0.3601101101101101,0.28311644978311645,0.1907741074407741,0.16599933266599934
GCF_000864005.1,11983,0.27545382794001577,0.24256774533017628,0.246514075243357,0.23546435148645092
GCF_000860505.1,12092,0.3022751085166891,0.32742104475377937,0.21606046998952252,0.154243376740009
GCF_002816555.1,12110,0.25375053579082724,0.21203029004143448,0.25617945420774396,0.27803971995999427
GCF_000862265.1,12162,0.24161973719495844,0.3038884419415393,0.2533118798605524,0.20117994100294986
GCF_000871845.1,12637,0.3316627358490566,0.21108490566037735,0.2529481132075472,0.20430424528301888
GCF_000861905.1,138948,0.277879064114251,0.2459738681251899,0.23701002734731086,0.23913704041324826
GCF_000861165.1,138950,0.3040723981900452,0.23574660633484162,0.22835595776772247,0.23182503770739066
GCF_002816725.1,138951,0.32800365463682046,0.2663316582914573,0.20861885183493223,0.19704583523679
GCF_002815375.1,162145,0.37488015340364333,0.25583253435602427,0.19550974752317035,0.17377756471716202
GCF_002826225.1,1678143,0.16794406346645152,0.24593249966384295,0.26153018690332125,0.3245932499663843
GCF_000871205.1,1933178,0.34539363484087104,0.2829145728643216,0.19087102177554438,0.18082077051926299
GCF_000852585.1,198112,0.29394712430426717,0.3125,0.2312152133580705,0.16233766233766234
GCF_009858895.2,2697049,0.298660640726879,0.32269378339571125,0.19756137749217334,0.18108419838523646
GCF_000848685.1,28295,0.24785669986501768,0.3329320345846558,0.22808361606654262,0.19112764948378388
GCF_000862745.1,28344,0.21088731627653784,0.25175104336780985,0.26681183088368715,0.27054980947196516
GCF_000861845.1,3052230,0.19764755303507667,0.2111951270741441,0.2876496534341525,0.30350766645662675
GCF_000854405.1,3052493,0.31342094782955,0.28255675029868577,0.22182397451214655,0.1821983273596177
GCF_000851385.1,3052763,0.3259348937315039,0.2750201775625504,0.2189265536723164,0.18011837503362926
GCF_006298385.1,351073,0.2625147812376823,0.27101125563876843,0.24867516314106775,0.2177987999824815
GCF_003092915.1,38170,0.24194887480882674,0.27598863884640595,0.23556915009831766,0.24649333624644965
GCF_000885335.1,40054,0.3289883059757537,0.25067052891320674,0.2556056217144083,0.16473554339663127
GCF_000862005.1,54290,0.17930874507074926,0.232428670842032,0.3189515193690559,0.26931106471816285
GCF_000870765.1,57482,0.28361519268089824,0.26319194159504666,0.23990389058312542,0.21328897514092968
GCF_002985995.1,693997,0.292591834646475,0.33173027729458715,0.20766397216821855,0.16801391589071932
GCF_000862965.1,694014,0.2878859112991694,0.33320273729300526,0.2192185132946769,0.1596928381131484
GCF_000858185.1,77763,0.320473944294699,0.2922282120395328,0.22029424977538184,0.16700359389038635
