A>C,A>G,A>T,C>A,C>G,C>T,G>A,G>C,G>T,T>A,T>C,T>G,Type,taxname,df,taxid,virusname
0.109127,0.117342,0.0734643,0.0602166,0.01169,0.14945,0.196651,0.0269681,0.020779,0.0369324,0.132424,0.0649568,ds,Hepatitis B virus,nemu,10407,HBV
0.0347844,0.0866211,0.0271079,0.0447839,0.00684601,0.339187,0.234664,0.0,0.102792,0.00999489,0.0958613,0.0173562,ds,Rice black streaked dwarf virus,nemu,10990,RBSDV
0.0129223,0.127692,0.00984651,0.0225945,0.00179187,0.379747,0.123494,0.00386555,0.0318901,0.022814,0.249177,0.0141648,+,West Nile virus,nemu,11082,WNV
0.00924425,0.183506,0.0252009,0.014157,0.00280519,0.243095,0.227613,0.0121679,0.0212869,0.0313405,0.224274,0.0053094,+,Norwalk virus,nemu,11983,norw
0.00884048,0.102109,0.0251782,0.0316682,0.0100157,0.490211,0.153864,0.018815,0.0258276,0.0206815,0.106414,0.00637563,+,Hepatovirus A,nemu,12092,HAV
0.0126522,0.223645,0.0182325,0.0146701,0.00258943,0.20153,0.137092,0.0142271,0.0171227,0.0203639,0.319673,0.0182032,+,Foot-and-mouth disease virus,nemu,12110,FMDV
0.0235729,0.236911,0.0638432,0.0261718,0.0195791,0.233199,0.139336,0.0125204,0.030695,0.0326198,0.165367,0.0161851,+,Citrus tristeza virus,nemu,12162,CTV
0.00713277,0.108281,0.0186497,0.0250018,0.00425835,0.287104,0.184085,0.00761729,0.0120601,0.0417654,0.2936,0.0104446,+,Dengue virus,nemu,12637,denv
0.0170199,0.0913565,0.028301,0.0448108,0.00448289,0.357214,0.0954412,0.00972041,0.158906,0.0179864,0.153859,0.0209024,+,Porcine epidemic diarrhea virus,nemu,28295,PEDV
0.0196729,0.23659,0.0328087,0.015163,0.0191414,0.217214,0.148364,0.0158509,0.0422328,0.0263216,0.211156,0.0154855,+,Porcine reproductive and respiratory syndrome virus,nemu,28344,PRRSV
0.0441777,0.209052,0.0248202,0.0262383,0.00542254,0.250562,0.169638,0.00873964,0.0407797,0.0116465,0.184881,0.024043,ds,Avian orthoreovirus,nemu,38170,aorv
0.0136652,0.171994,0.0173769,0.0100767,0.00360533,0.298617,0.247616,0.00396125,0.0171838,0.0270915,0.177871,0.0109412,ds,Epizootic hemorrhagic disease virus,nemu,40054,EHDV
0.0595759,0.201497,0.0995217,0.0267436,0.0270302,0.140027,0.075154,0.027884,0.041188,0.0596732,0.178819,0.0628859,+,GB virus C,nemu,54290,HGV
0.0359271,0.197268,0.0149984,0.0476921,0.00226441,0.201359,0.209025,0.00274307,0.0685522,0.0144952,0.184034,0.0216422,-,European bat 1 lyssavirus,nemu,57482,EBLV1
0.0188175,0.150601,0.0319493,0.0590504,0.00455787,0.25209,0.212735,0.00380489,0.0892633,0.0320032,0.128729,0.0163982,ds,Banna virus,nemu,77763,BAV
0.00438448,0.131054,0.00871071,0.0305607,0.0377045,0.254494,0.281585,0.0141399,0.0610284,0.0222697,0.134087,0.0199818,-,Oropouche orthobunyavirus,nemu,118655,OROV
0.00486781,0.191917,0.0226863,0.0116738,0.00274372,0.288893,0.196905,0.0122164,0.0127141,0.026225,0.223973,0.00518563,+,Enterovirus A,nemu,138948,evA
0.0151007,0.166709,0.0439235,0.0330881,0.00911113,0.22245,0.200281,0.0100853,0.0218273,0.0601039,0.199769,0.0175518,+,Enterovirus C,nemu,138950,evC
0.00383927,0.136092,0.0175403,0.0106814,0.00511587,0.328207,0.286198,0.0180303,0.0113759,0.015221,0.164611,0.00308782,+,Enterovirus D,nemu,138951,evD
0.00809039,0.107317,0.0208445,0.0467017,0.00315532,0.287925,0.349626,0.00769419,0.0193004,0.0201011,0.118631,0.0106138,-,Human metapneumovirus,nemu,162145,HMV
0.0161266,0.10738,0.0336796,0.015274,0.0113816,0.492033,0.16477,0.00816994,0.0176613,0.0223381,0.0926443,0.0185426,+,Deformed wing virus,nemu,198112,DWV
0.0259578,0.200307,0.0151088,0.0524861,0.00899229,0.27996,0.178226,0.00883003,0.0314421,0.0177405,0.155774,0.0251753,ds,Mammalian orthoreovirus,nemu,351073,MRV
0.0212829,0.0895374,0.0489244,0.0637113,0.00296279,0.309491,0.185698,0.0155372,0.128513,0.0239431,0.0926927,0.0177066,+,Alphacoronavirus 1,nemu,693997,alCoV1
0.0193123,0.0998014,0.0728134,0.0523441,0.00790489,0.301053,0.157302,0.0132179,0.12539,0.0425814,0.0845333,0.0237461,+,Avian coronavirus,nemu,694014,ACoV 
0.0110448,0.0880899,0.0121085,0.0244708,0.0,0.267609,0.358169,0.0532213,0.0133056,0.0197787,0.145658,0.00654396,-,Schmallenberg orthobunyavirus,nemu,1133363,SBV
0.0272821,0.218221,0.0156349,0.0249799,0.0,0.193427,0.279178,0.0,0.0260945,0.0234772,0.191706,0.0,ds,Piscine orthoreovirus,nemu,1157337,PRV
0.0170804,0.192882,0.0402164,0.01292,0.00653055,0.271882,0.11046,0.0187933,0.0295525,0.0240695,0.265895,0.00971845,+,Orthohepevirus A,nemu,1678143,HEV
0.00900969,0.12808,0.0177788,0.027748,0.0193469,0.271845,0.309716,0.0194784,0.0215609,0.0181634,0.142461,0.0148122,-,Akabane orthobunyavirus,nemu,1933178,aka
0.0200278,0.287721,0.0268524,0.0125738,0.0095178,0.152673,0.139158,0.0101116,0.0105654,0.0299177,0.289445,0.0114361,+,Hepacivirus hominis,nemu,3052230,HCV
0.0193562,0.123038,0.0533787,0.0560787,0.0051126,0.269761,0.261435,0.00394504,0.0326996,0.0545337,0.10836,0.0123016,-,Puumala orthohantavirus,nemu,3052493,PUUV
0.0135666,0.163411,0.0654025,0.0679603,0.00613316,0.18344,0.187003,0.0100817,0.0747721,0.0611449,0.143516,0.0235692,-,Rice stripe tenuivirus,nemu,3052763,RSV
0.015630079259677243,0.12261967071382668,0.02217092764552043,0.06616165401394891,0.0049307465728552526,0.19489896453431563,0.3251805873374633,0.005561059319684129,0.04524251649912533,0.025368593671755913,0.1565194364276262,0.015715764004200994,-,Influenza A H1N1,Bloom_etal,-,flu_h1n1pdm
0.010305827477238228,0.12036188633910326,0.011132838324177089,0.06072619113608969,0.0028840935104211198,0.21101950851248052,0.37944547818258356,0.0026085622508585484,0.04093436147501165,0.016326506203090063,0.1338549857883481,0.010399760800598472,-,Influenza B Victoria,Bloom_etal,-,flu_vic
0.007702795073284552,0.07027948425271144,0.038922973334915845,0.05301683946726837,0.0024183119756999273,0.2901974370839954,0.33472848183653203,0.00033174279666651997,0.04014087839665051,0.03384185244023278,0.12024484284923295,0.00817436049280983,-,RSV-A,Bloom_etal,-,rsv-a
0.006556929125001551,0.07326987080379639,0.02737136692878554,0.050216832090904356,0.0012554208022726005,0.3025564133476989,0.34407298000571085,0.0011418351106383823,0.032732606504968044,0.022186202210344078,0.13098578772220623,0.007653755347673266,-,RSV-B,Bloom_etal,-,rsv-b
0.007791137209896959,0.044049844169112756,0.014029122814065334,0.019517540407185216,0.0074844155540994585,0.40951412575370744,0.10161444164986938,0.0166321853619397,0.3241477888082968,0.008768710699591384,0.04032032598269005,0.006130361589545624,+,SARS-CoV-2 20A,Bloom_etal,-,CoV20A
0.005279564244782424,0.06119788598518852,0.01448417871375896,0.029169938301962375,0.0035358744786603237,0.4740343006732285,0.1274428949202684,0.013234407696558455,0.19802356489543566,0.011246266915272946,0.05564757095806404,0.006703552216819539,+,SARS-CoV-2 22C,Bloom_etal,-,CoV22C
