,taxid,A,C,D,E,F,G,H,I,K,L,M,N,P,Q,R,S,T,V,W,Y
0,10990,0.013888622643738711,0.034140611735477104,0.013928776982926992,0.006193326830335002,0.21091409305047568,0.007983574784350205,0.02423119124328597,0.08604928896466162,0.015609895165477998,0.17958260209374532,0.03826117474127989,0.0351066162731563,0.024161336763362184,0.010774218514803499,0.013888622643738769,0.09973000020999881,0.035005409758089606,0.049320980185955876,0.015180368450478777,0.08604928896466162
1,11082,0.050774076933623,0.036771774064363265,0.03540274103143764,0.03915361556699653,0.042348806972395105,0.06724124942070045,0.026732720053205317,0.04077213798849671,0.04341309760720072,0.10531039321457077,0.04509189317371074,0.03925416924346007,0.03833966368370022,0.02956501710118681,0.050774076933622944,0.0938775260526853,0.056297737154392256,0.07743946994005944,0.04066769587569597,0.04077213798849663
2,11320_1,0.024711110166269538,0.018897740122841254,0.0324415618560046,0.050634418139100065,0.02947759439330707,0.031024259511079125,0.025840004616493547,0.05060389208764859,0.13558756839580516,0.08455385732169016,0.07898197512206515,0.086871196484059,0.019682628216523432,0.040330783217998434,0.02471111016626952,0.07098712750325312,0.06617078783449207,0.04839311644014659,0.029495376317305266,0.05060389208764847
3,11320_2,0.02916007267416323,0.012350443610113376,0.03133526738496898,0.05811857337316581,0.014503584053790142,0.030023088409611123,0.03043453297487942,0.03679816682809128,0.1731643839129098,0.06114403969969832,0.06825079653931093,0.09336348014987216,0.028321864385220073,0.05644795099553019,0.029160072674163207,0.06557902237835526,0.08688248397040965,0.03525722638388458,0.022906782773771214,0.036798166828091276
4,1133363,0.017833327248370976,0.016764777203642642,0.017943341819514902,0.014828301179588799,0.07061562393641609,0.007269250858079629,0.0440195960827418,0.07557990557811443,0.06684977613622298,0.13347295912763202,0.062458911740636704,0.08089317644973565,0.0437497022673263,0.03637760652861392,0.017833327248371,0.09305985039037643,0.08039720261135562,0.030619117609394134,0.013854340405751486,0.07557990557811453
5,1157337,0.05180363918261175,0.03173649829165785,0.02465249502000264,0.016629069422807057,0.057154216374946616,0.0295097143511924,0.04327689999872021,0.04439664457013827,0.023262644728847648,0.13184585111965097,0.029947268383889246,0.03448673036047758,0.09094012231446034,0.029191956996590936,0.05180363918261157,0.11794559798438742,0.07246885699531136,0.053144004221608004,0.02140750592994999,0.04439664457013819
6,118655,0.025868885348932183,0.02133764019275603,0.03474916940104587,0.05519326813535082,0.03031946728027063,0.038867931950011425,0.02312760762168651,0.04937642097035983,0.12772012357328208,0.08491551053462049,0.07842622109117248,0.08041140450474417,0.017217258434456022,0.03673435281461747,0.025868885348932214,0.07150725585431245,0.059861960436303895,0.05522892786477082,0.033891287672014866,0.04937642097035985
7,11983,0.053207278136778245,0.03199093168557274,0.02832412361603152,0.022636631897325718,0.0490201021533358,0.03756288509099304,0.04012070743682175,0.043401406583220746,0.030710629946848412,0.12070702578349363,0.03468639234770352,0.03842672721304887,0.0753673324044889,0.03206445848137671,0.05320727813677821,0.10985429707897205,0.0721851659181985,0.057558075595681914,0.025567143910109072,0.04340140658322064
8,12110,0.09450565763373969,0.03264424268133135,0.027869182204403153,0.022785014075622827,0.025783954006939648,0.07511987934824114,0.03506123032668739,0.022012387274044178,0.015364196338486014,0.09572519461923597,0.017996672819409497,0.018792509223840945,0.1188942181786773,0.028665018608834626,0.09450565763373982,0.10251418327276758,0.06372624893552198,0.059333204112882065,0.026688961431550678,0.022012387274044184
9,12162,0.06413898818545015,0.053256837717602555,0.02694926480988047,0.02132858271731721,0.06514833436994445,0.07799170431758587,0.022162595270504157,0.03296665348716295,0.01320266140363963,0.13002096575737018,0.02609095278756167,0.01668193442937897,0.052746761228626,0.017540246451697827,0.06413898818545015,0.10540957953251978,0.039702841722201995,0.09540614592827285,0.042149308210670325,0.03296665348716293
10,12637,0.04700496324206437,0.017108051999444235,0.03790073353691262,0.06539821655351503,0.013690887974101345,0.05826634800144555,0.030575497656136687,0.030330437212079717,0.1159428613510654,0.06123999527737941,0.05233557020806853,0.06719326191377219,0.037920114185515656,0.052758425242616404,0.04700496324206427,0.07551692069806694,0.08333392289875326,0.04662822179718151,0.02952016979773723,0.030330437212079633
11,138948,0.05545106351306325,0.03706601137534256,0.031599278538287416,0.02876329227757042,0.04810025780699393,0.0545625760131818,0.03211383569518842,0.041006123610530625,0.03182082654203502,0.11574172284502206,0.03732588758793226,0.034958277776998274,0.05635401898889319,0.02923166872735327,0.05545106351306328,0.10355766714507031,0.061345504422541705,0.07080540569287214,0.03373939431752961,0.041006123610530604
12,138950,0.05565999323377739,0.02769534875486739,0.03752126956339921,0.04881625408241891,0.025583099140551062,0.06898943468190094,0.030271789001474907,0.03465962344854307,0.06109159338055579,0.08469930552648722,0.04509316993675209,0.046956371118097626,0.04490593177156316,0.0393844707447446,0.05565999323377738,0.0889362251093867,0.06965625974621956,0.06372779641590358,0.036032447661036186,0.03465962344854307
13,138951,0.027326697577042626,0.031259252294742086,0.02363988677301835,0.017283581593965792,0.09085038658793346,0.018619046381996143,0.03469565644492162,0.06870582930049605,0.037988202516793884,0.14584348569916036,0.050232169811048694,0.0519589531443545,0.04010669424988491,0.025366670106324173,0.02732669757704268,0.10306088557481836,0.06006232655124568,0.054113500404728135,0.022854248109986135,0.06870582930049628
14,162145,0.018353128676777884,0.020587312035950045,0.027800906247377223,0.03525735113642665,0.049457287120888795,0.019438019587407217,0.02624925895329903,0.06678664024212891,0.11437724468969379,0.10681222813770143,0.08469939811624251,0.09018803040952941,0.017328788599667008,0.03328953854066407,0.01835312867677785,0.07189097264113377,0.0595387974939633,0.046696320244096215,0.026109008208146073,0.06678664024212874
15,1678143,0.06740923688625636,0.04563831135165831,0.0188302394684272,0.009674179755245203,0.07575406310165504,0.0416207168499423,0.030497602372600775,0.03125591431109515,0.006625471550210799,0.1508103898673332,0.016057965378882717,0.012896102722722215,0.10917652461321646,0.015668376812266613,0.06740923688625652,0.1307213991865957,0.04616597918486727,0.06908534337066549,0.02344703201900735,0.031255914311095256
16,1933178,0.02762544798897573,0.024088773338118836,0.031376759245231894,0.038246093454321076,0.04408889871251693,0.029204101426986595,0.02968066087425607,0.05742786238521221,0.09117904680480685,0.10430326919103622,0.07000058146541999,0.07480248938943407,0.026132130053704895,0.03617866716924617,0.02762544798897576,0.08193871859359322,0.06585932804350227,0.05345131741378388,0.029362544075665076,0.057427862385212226
17,198112,0.019789776545316183,0.04849655812035327,0.03283608644421491,0.03177004855555782,0.09874687245863845,0.04686200381595479,0.013866645905834236,0.06685960748185373,0.04379966452119334,0.13583621276766675,0.06468898112181282,0.045269353867384045,0.008357202505715504,0.013416459189785646,0.01978977654531619,0.07313128709857145,0.027283105095619875,0.09541865429885521,0.046922096178502085,0.06685960748185371
18,28295,0.022986559739106016,0.038885940271113216,0.016582065570739157,0.007805727723097271,0.16653127801526252,0.01335436591052908,0.028542324165241315,0.07101365049617749,0.014254849349962299,0.17683305620038225,0.03342847837814021,0.03028223056290408,0.03956623116211711,0.013435817755503154,0.022986559739106082,0.11502333107284028,0.04197814192074434,0.057190840870984826,0.018304900599871693,0.07101365049617753
19,28344,0.07136529111017074,0.04550353372979213,0.024606465706479497,0.016843210018500497,0.05825969798865109,0.05986788532910713,0.029332046366460956,0.03150448202859049,0.011661437339847883,0.13125033471313696,0.021564925806955574,0.0170363462591777,0.08507073111472034,0.02007788615870187,0.07136529111017068,0.11597783768914731,0.04940993252516296,0.0766508583532139,0.031147324623421693,0.03150448202859047
20,3052493,0.024445376522036915,0.030202639904637035,0.030621941869034705,0.03255967264271665,0.06474346595640543,0.029070456801408392,0.025750021884355535,0.06564229673885161,0.07076506226215437,0.12124236708195983,0.06979608616834118,0.06655360595079703,0.020556141837963907,0.027379461651490505,0.024445376522036894,0.08302393082242471,0.05312948353584606,0.06231647750666234,0.03211383760202528,0.06564229673885161
21,3052763,0.043408049844392484,0.03443827998412798,0.03261029248091694,0.03228493004235176,0.051387172299024036,0.045928918253427535,0.03082043416831877,0.04865953581917496,0.045616962012603686,0.11564590600341568,0.04817404537952799,0.04607668256894021,0.041025542576384064,0.030512929670329116,0.04340804984439248,0.09738173105294995,0.061333363838647924,0.06853295916301376,0.0340946791788858,0.04865953581917496
22,351073,0.04956337635470537,0.04056804866096814,0.037053847278703866,0.045122421044377914,0.04159872471357045,0.08774074725578664,0.02093113901469596,0.03799524116644318,0.042260777291081464,0.10147954626067243,0.046268805954200534,0.034703908863466304,0.02799757641129686,0.025488950187969702,0.04956337635470547,0.08787643591452805,0.04642008920266558,0.08996989778234352,0.04940184912137543,0.03799524116644318
23,38170,0.05680063584945918,0.048234344826012,0.021949256274916104,0.012804478435067228,0.08579869589546586,0.042935225995148374,0.02903750204968881,0.03904308374159958,0.010364530203761239,0.15108846932489442,0.02277645846156318,0.017766731442058082,0.07514371144261466,0.016939529255411083,0.056800635849459116,0.1229855717778207,0.04597703130509991,0.07637268447718652,0.02813833965117447,0.03904308374159956
24,40054,0.04247979135250718,0.03305893371073315,0.03376145067550057,0.03585637633298357,0.04705096085504079,0.047897026262559525,0.02994297334016961,0.048050814585911254,0.05211686819588692,0.11042966053232438,0.05103240697382472,0.049071915650841735,0.0376752548991359,0.03180095935251756,0.042479791352507144,0.09422059970752751,0.061743932692687124,0.06816920132608155,0.0351102676153484,0.04805081458591128
25,54290,0.10566414845351524,0.042699892093340366,0.02438637724149366,0.0216388275629598,0.028858143580370154,0.11924319586021215,0.02160933180715263,0.01648120267615037,0.008352103137867932,0.09701845483478967,0.014624308449251439,0.009412595820512685,0.09363144108863933,0.01917466461275483,0.10566414845351535,0.09579806045379537,0.04078399641990737,0.0805888984354808,0.03788900634214049,0.01648120267615041
26,57482,0.05245840273325956,0.036572316703657064,0.02609945467169265,0.018430564750499916,0.06238864770892073,0.03657807305776965,0.03743050384649178,0.0445230116566379,0.022437305677790804,0.13354547562471586,0.03144066646399817,0.03177338570032301,0.07523315984903461,0.026432173908017654,0.05245840273325948,0.11558814728084145,0.06386267775450952,0.06239846746279974,0.025826150759142526,0.04452301165663787
27,693997,0.014569413031020127,0.03412028856706714,0.01632247929690737,0.008465933260385455,0.18332458330514234,0.009644223660325656,0.024658173736183172,0.08769889825904158,0.021759869299200287,0.17336429759704755,0.045486534622901954,0.04195343917977407,0.022009837550915075,0.0127893838537794,0.014569413031020138,0.09460234400737942,0.03744755758996256,0.051817360229986176,0.01769707166291909,0.08769889825904154
28,694014,0.017907701157469487,0.04128357053319817,0.020959055605955144,0.0126421714677636,0.15957936475973894,0.017122264386388888,0.021920494618258082,0.08101607337652121,0.02480936309632597,0.16547698465966804,0.04886761648649303,0.0411306571825996,0.01872916767948977,0.013222096302061823,0.017907701157469452,0.09018028666973149,0.035142590920320065,0.0661851685486122,0.02490159801541397,0.0810160733765211
29,77763,0.030334427783908827,0.03678797517583771,0.027366471690744642,0.0219850563328583,0.08619678306511305,0.028314083418515802,0.029319199457483087,0.06412154548625436,0.038320015791223495,0.14032249263765384,0.05151251522650613,0.04769983808374738,0.03249893331794869,0.02355379454798592,0.03033442778390885,0.0984421446136534,0.05287299400546893,0.06634186563538541,0.02955389045954774,0.06412154548625437
